XXXXXXXXXXXXXXXXXXXXXXXXXXXXXXgetCount: 666600, setCount: 666600, eraseCount: 333400, 3.63387, 2.18041e-06
getCount: 800000, setCount: 800000, eraseCount: 200000, 3.71973, 2.06652e-06
getCount: 857100, setCount: 857100, eraseCount: 142900, 3.74504, 2.01661e-06
