XXXXXXXXXXXXXXXXXXXXXXXXXXXXXgetCount: 666600, setCount: 666600, eraseCount: 333400, 3.32455, 1.99481e-06
XgetCount: 800000, setCount: 800000, eraseCount: 200000, 3.49648, 1.94249e-06
getCount: 857100, setCount: 857100, eraseCount: 142900, 3.56737, 1.92094e-06
