XXXXXXXXXXXXXXXXXXXXXXXXXXXXXgetCount: 666600, setCount: 666600, eraseCount: 333400, 0.730986, 4.38609e-07
XgetCount: 800000, setCount: 800000, eraseCount: 200000, 0.79111, 4.39505e-07
getCount: 857100, setCount: 857100, eraseCount: 142900, 0.805219, 4.3359e-07
