XXXXXXXXXXXXXXXXXXXXXXXXXXXXXXgetCount: 666600, setCount: 666600, eraseCount: 333400, 1.6702, 1.00216e-06
getCount: 800000, setCount: 800000, eraseCount: 200000, 1.74252, 9.68068e-07
getCount: 857100, setCount: 857100, eraseCount: 142900, 1.75973, 9.47569e-07
