XXXXXXXXXXXXXXXXXXXXXXXXXXXXXXgetCount: 666600, setCount: 666600, eraseCount: 333400, 1.79896, 1.07942e-06
getCount: 800000, setCount: 800000, eraseCount: 200000, 1.85911, 1.03284e-06
getCount: 857100, setCount: 857100, eraseCount: 142900, 1.88134, 1.01305e-06
