XXXXXXXXXXXXXXXXXXXXXXXXXXXXXgetCount: 666600, setCount: 666600, eraseCount: 333400, 0.664046, 3.98443e-07
XgetCount: 800000, setCount: 800000, eraseCount: 200000, 0.706138, 3.92299e-07
getCount: 857100, setCount: 857100, eraseCount: 142900, 0.730492, 3.93351e-07
