XXXXXXXXXXXXXXXXXXXXXXXXXXXXXgetCount: 666600, setCount: 666600, eraseCount: 333400, 1.37935, 8.27641e-07
XgetCount: 800000, setCount: 800000, eraseCount: 200000, 1.44515, 8.02861e-07
getCount: 857100, setCount: 857100, eraseCount: 142900, 1.47751, 7.95601e-07
