XXXXXXXXXXXXXXXXXXXXXXXXXXXXXgetCount: 666600, setCount: 666600, eraseCount: 333400, 1.61801, 9.70846e-07
XgetCount: 857100, setCount: 857100, eraseCount: 142900, 1.71097, 9.21311e-07
getCount: 800000, setCount: 800000, eraseCount: 200000, 1.73543, 9.6413e-07
