XXXXXXXXXXXXXXXXXXXXXXXXXXXXXXgetCount: 666600, setCount: 666600, eraseCount: 333400, 2.75271, 1.65169e-06
getCount: 800000, setCount: 800000, eraseCount: 200000, 3.00209, 1.66783e-06
getCount: 857100, setCount: 857100, eraseCount: 142900, 3.05891, 1.64714e-06
