XXXXXXXXXXXXXXXXXXXXXXXXXXXXXXgetCount: 666600, setCount: 666600, eraseCount: 333400, 1.37647, 8.25917e-07
getCount: 800000, setCount: 800000, eraseCount: 200000, 1.44119, 8.00659e-07
getCount: 857100, setCount: 857100, eraseCount: 142900, 1.45155, 7.81624e-07
