XXXXXXXXXXXXXXXXXXXXXXXXXXXXXgetCount: 666600, setCount: 666600, eraseCount: 333400, 1.75205, 1.05127e-06
XgetCount: 800000, setCount: 800000, eraseCount: 200000, 1.85471, 1.0304e-06
getCount: 857100, setCount: 857100, eraseCount: 142900, 1.87018, 1.00704e-06
