XXXXXXXXXXXXXXXXXXXXXXXXXXXXgetCount: 666600, setCount: 666600, eraseCount: 333400, 1.61127, 9.66799e-07
XXgetCount: 857100, setCount: 857100, eraseCount: 142900, 1.71899, 9.25629e-07
getCount: 800000, setCount: 800000, eraseCount: 200000, 1.73272, 9.6262e-07
