XXXXXXXXXXXXXXXXXXXXXXXXXXXXXXgetCount: 666600, setCount: 666600, eraseCount: 333400, 1.4332, 8.59951e-07
getCount: 800000, setCount: 800000, eraseCount: 200000, 1.50145, 8.34137e-07
getCount: 857100, setCount: 857100, eraseCount: 142900, 1.50696, 8.11457e-07
