XXXXXXXXXXXXXXXXXXXXXXXXXXXXXXgetCount: 666600, setCount: 666600, eraseCount: 333400, 1.35281, 8.11719e-07
getCount: 800000, setCount: 800000, eraseCount: 200000, 1.426, 7.9222e-07
getCount: 857100, setCount: 857100, eraseCount: 142900, 1.43219, 7.71194e-07
