XXXXXXXXXXXXXXXXXXXXXXXXXXXXXgetCount: 666600, setCount: 666600, eraseCount: 333400, 3.09359, 1.85623e-06
XgetCount: 800000, setCount: 800000, eraseCount: 200000, 3.23791, 1.79884e-06
getCount: 857100, setCount: 857100, eraseCount: 142900, 3.28768, 1.77033e-06
