XXXXXXXXXXXXXXXXXXXXXXXXXXXXgetCount: 666600, setCount: 666600, eraseCount: 333400, 2.99622, 1.7978e-06
XXgetCount: 800000, setCount: 800000, eraseCount: 200000, 3.22073, 1.78929e-06
getCount: 857100, setCount: 857100, eraseCount: 142900, 3.22134, 1.73461e-06
