XXXXXXXXXXXXXXXXXXXXXXXXXXXXgetCount: 666600, setCount: 666600, eraseCount: 333400, 2.19525, 1.3172e-06
XXgetCount: 800000, setCount: 800000, eraseCount: 200000, 2.35854, 1.3103e-06
getCount: 857100, setCount: 857100, eraseCount: 142900, 2.39109, 1.28754e-06
