XXXXXXXXXXXXXXXXXXXXXXXXXXXXXXgetCount: 666600, setCount: 666600, eraseCount: 333400, 2.27044, 1.36232e-06
getCount: 800000, setCount: 800000, eraseCount: 200000, 2.31454, 1.28586e-06
getCount: 857100, setCount: 857100, eraseCount: 142900, 2.34526, 1.26286e-06
